/*--------------------------------*- C++ -*----------------------------------*\
  =========                 |
  \\      /  F ield         | OpenFOAM: The Open Source CFD Toolbox
   \\    /   O peration     | Website:  https://openfoam.org
    \\  /    A nd           | Version:  6
     \\/     M anipulation  |
\*---------------------------------------------------------------------------*/
FoamFile
{
    version     2.0;
    format      ascii;
    class       vectorField;
    location    "constant/polyMesh";
    object      points;
}
// * * * * * * * * * * * * * * * * * * * * * * * * * * * * * * * * * * * * * //


1331
(
(-0.0415704 0 -0.0415704)
(-0.04762024313 0 -0.05330916175)
(-0.03769270464 0 -0.06133821058)
(-0.02585645931 0 -0.06719250184)
(-0.01314979434 0 -0.07078684025)
(-8.483052761e-20 0 -0.072)
(0.01314979434 0 -0.07078684025)
(0.02585645931 0 -0.06719250184)
(0.03769270464 0 -0.06133821058)
(0.04762024313 0 -0.05330916175)
(0.0415704 0 -0.0415704)
(-0.04563680826 2.725177207e-06 -0.04563680826)
(-0.04514264105 1.939548201e-05 -0.05588771359)
(-0.03513319966 6.786558523e-05 -0.0627214984)
(-0.02356275233 0.0003125395209 -0.0679895618)
(-0.01175131565 0.001607973827 -0.07101631902)
(8.389001256e-18 0.002050553725 -0.07197079428)
(0.01175131565 0.001607973827 -0.07101631902)
(0.02356275233 0.0003125395209 -0.0679895618)
(0.03513319966 6.786558523e-05 -0.0627214984)
(0.04514264105 1.939548201e-05 -0.05588771359)
(0.04563680826 2.725177207e-06 -0.04563680826)
(-0.04970321653 5.450354414e-06 -0.04970321653)
(-0.04419534134 0.0003694599078 -0.05682391155)
(-0.03466464152 0.001126907364 -0.06309362994)
(-0.02375350252 0.002198570456 -0.06793252515)
(-0.01211480443 0.00371577199 -0.07087608461)
(1.272302877e-19 0.004099443898 -0.07188320082)
(0.01211480443 0.00371577199 -0.07087608461)
(0.02375350252 0.002198570456 -0.06793252515)
(0.03466464152 0.001126907364 -0.06309362994)
(0.04419534134 0.0003694599078 -0.05682391155)
(0.04970321653 5.450354414e-06 -0.04970321653)
(-0.05083113226 0.004046385636 -0.05083113226)
(-0.04463591349 0.004475978312 -0.05631637224)
(-0.03501618802 0.005578755009 -0.06266340903)
(-0.02402054636 0.006871473691 -0.06752589134)
(-0.01225043525 0.008453021062 -0.07044478031)
(1.299521903e-17 0.008871691575 -0.07145133371)
(0.01225043525 0.008453021062 -0.07044478031)
(0.02402054636 0.006871473691 -0.06752589134)
(0.03501618802 0.005578755009 -0.06266340903)
(0.04463591349 0.004475978312 -0.05631637224)
(0.05083113226 0.004046385636 -0.05083113226)
(-0.0504406242 0.00977056621 -0.0504406242)
(-0.04450695732 0.01052892027 -0.05560751178)
(-0.03490002192 0.01197836649 -0.0618260296)
(-0.02394078282 0.01347014344 -0.06655317588)
(-0.01219904886 0.01505698128 -0.06934309721)
(8.180977207e-18 0.01549507531 -0.070312891)
(0.01219904886 0.01505698128 -0.06934309721)
(0.02394078282 0.01347014344 -0.06655317588)
(0.03490002192 0.01197836649 -0.0618260296)
(0.04450695732 0.01052892027 -0.05560751178)
(0.0504406242 0.00977056621 -0.0504406242)
(-0.04972836869 0.01543242084 -0.04972836869)
(-0.04392043138 0.01659069595 -0.05458632998)
(-0.03439024035 0.01835829277 -0.06053294065)
(-0.02357469307 0.02001990987 -0.06501826848)
(-0.01199943766 0.02158927958 -0.06763070604)
(9.139387559e-18 0.02203930457 -0.06854392062)
(0.01199943766 0.02158927958 -0.06763070604)
(0.02357469307 0.02001990987 -0.06501826848)
(0.03439024035 0.01835829277 -0.06053294065)
(0.04392043138 0.01659069595 -0.05458632998)
(0.04972836869 0.01543242084 -0.04972836869)
(-0.04869887022 0.02099582841 -0.04869887022)
(-0.04285652449 0.02259984446 -0.05325872108)
(-0.03347188231 0.02464653273 -0.05878892143)
(-0.02291266965 0.02644227945 -0.06292663978)
(-0.0116468854 0.02797072227 -0.06531451627)
(-5.334292749e-18 0.02842449555 -0.06615170484)
(0.0116468854 0.02797072227 -0.06531451627)
(0.02291266965 0.02644227945 -0.06292663978)
(0.03347188231 0.02464653273 -0.05878892143)
(0.04285652449 0.02259984446 -0.05325872108)
(0.04869887022 0.02099582841 -0.04869887022)
(-0.04735869626 0.02642529707 -0.04735869626)
(-0.04131249539 0.02849278707 -0.05162724975)
(-0.03214646413 0.03077059846 -0.05660156367)
(-0.02195766368 0.0326598624 -0.0602922163)
(-0.01114341404 0.03412431468 -0.06241277043)
(4.67981986e-18 0.03457335593 -0.06315602156)
(0.01114341404 0.03412431468 -0.06241277043)
(0.02195766368 0.0326598624 -0.0602922163)
(0.03214646413 0.03077059846 -0.05660156367)
(0.04131249539 0.02849278707 -0.05162724975)
(0.04735869626 0.02642529707 -0.04735869626)
(-0.04571639622 0.03168618938 -0.04571639622)
(-0.03930471573 0.03420663856 -0.0496889703)
(-0.03043336513 0.03666014738 -0.05397976798)
(-0.02072612457 0.0385988094 -0.05713605926)
(-0.01049804831 0.03997750242 -0.0589541306)
(-3.621822552e-18 0.04041336208 -0.05958825526)
(0.01049804831 0.03997750242 -0.0589541306)
(0.02072612457 0.0385988094 -0.05713605926)
(0.03043336513 0.03666014738 -0.05397976798)
(0.03930471573 0.03420663856 -0.0496889703)
(0.04571639622 0.03168618938 -0.04571639622)
(-0.04378244695 0.03674494332 -0.04378244695)
(-0.03686586843 0.03968168859 -0.04743671172)
(-0.02836720757 0.04224930762 -0.05093409394)
(-0.01924588809 0.04419098618 -0.05348585526)
(-0.00972561619 0.04546412966 -0.05497658593)
(-3.240839759e-19 0.04587865545 -0.05549007996)
(0.00972561619 0.04546412966 -0.05497658593)
(0.01924588809 0.04419098618 -0.05348585526)
(0.02836720757 0.04224930762 -0.05093409394)
(0.03686586843 0.03968168859 -0.04743671172)
(0.04378244695 0.03674494332 -0.04378244695)
(-0.0415704 0.0415704 -0.0415704)
(-0.03403963299 0.04486258678 -0.04486258678)
(-0.02599312724 0.0474781915 -0.0474781915)
(-0.0175524894 0.04937565248 -0.04937565248)
(-0.008844710412 0.0505260878 -0.0505260878)
(0 0.05091168825 -0.05091168825)
(0.008844710412 0.0505260878 -0.0505260878)
(0.0175524894 0.04937565248 -0.04937565248)
(0.02599312724 0.0474781915 -0.0474781915)
(0.03403963299 0.04486258678 -0.04486258678)
(0.0415704 0.0415704 -0.0415704)
(-0.05330916175 0 -0.04762024313)
(-0.05327761983 0 -0.04826673074)
(-0.04324437153 0 -0.05695288208)
(-0.03018446088 0 -0.06466996231)
(-0.01526207532 0 -0.06959522875)
(6.953297505e-06 0 -0.07196459589)
(0.01526631625 0 -0.06960606411)
(0.03017631899 0 -0.06468024888)
(0.04322409936 0 -0.05696111512)
(0.05327774977 0 -0.04826654553)
(0.05330916175 0 -0.04762024313)
(-0.06312271667 0.0001484224548 -0.0478643101)
(-0.04619240283 0.0002839299729 -0.03861494073)
(-0.03758435102 0.0004374498423 -0.0467018305)
(-0.02577471194 0.0007637796863 -0.05367425023)
(-0.01281527113 0.002110867501 -0.05795947797)
(6.257967755e-06 0.002571115972 -0.05999058621)
(0.01281908796 0.002110867501 -0.05796922979)
(0.02576738424 0.0007637796863 -0.05368350815)
(0.03756610606 0.0004374498423 -0.04670924024)
(0.04619251978 0.0002839299729 -0.03861477404)
(0.06312271667 0.0001484224548 -0.0478643101)
(-0.05830091063 0.0007445162903 -0.04550559547)
(-0.04518569466 0.001347195179 -0.04130298125)
(-0.03691437506 0.002314742169 -0.04868481523)
(-0.02578091553 0.003549717077 -0.05503619228)
(-0.0130954343 0.005170225629 -0.0590658943)
(5.562638004e-06 0.00558923468 -0.06100445943)
(0.01309882704 0.005170225629 -0.05907456259)
(0.02577440202 0.003549717077 -0.05504442153)
(0.03689815732 0.002314742169 -0.04869140167)
(0.04518579862 0.001347195179 -0.04130283308)
(0.05830091063 0.0007445162903 -0.04550559547)
(-0.05655966219 0.00475417983 -0.04488483254)
(-0.04580925249 0.005542159431 -0.04235193172)
(-0.03724629934 0.006960085426 -0.04954181777)
(-0.02598460983 0.008497771833 -0.05563435635)
(-0.01320833805 0.01023427973 -0.05945535449)
(4.867308254e-06 0.01070595596 -0.06125881349)
(0.0132113067 0.01023427973 -0.05946293924)
(0.02597891051 0.008497771833 -0.05564155695)
(0.03723210882 0.006960085426 -0.04954758091)
(0.04580934345 0.005542159431 -0.04235180207)
(0.05655966219 0.00475417983 -0.04488483254)
(-0.05579516147 0.01076740977 -0.0447139965)
(-0.04592598064 0.01200358942 -0.04297105262)
(-0.037157535 0.01387323471 -0.04980432085)
(-0.02587284606 0.01569163529 -0.05551088246)
(-0.01314989926 0.01748508717 -0.05903973899)
(4.171978503e-06 0.01799385549 -0.06067913443)
(0.01315244381 0.01748508717 -0.05904624021)
(0.02586796093 0.01569163529 -0.0555170544)
(0.0371453717 0.01387323471 -0.04980926067)
(0.0459260586 0.01200358942 -0.04297094149)
(0.05579516147 0.01076740977 -0.0447139965)
(-0.05472277555 0.01678900156 -0.04408982043)
(-0.04559629175 0.0185445558 -0.04314443732)
(-0.03668351975 0.02083740145 -0.04950637718)
(-0.02548033246 0.02290729808 -0.05474177589)
(-0.01294602383 0.02473493535 -0.0579396779)
(3.476648753e-06 0.02527330319 -0.05939915409)
(0.01294814429 0.02473493535 -0.05794509558)
(0.02547626152 0.02290729808 -0.05474691918)
(0.03667338366 0.02083740145 -0.0495104937)
(0.04559635672 0.0185445558 -0.04314434472)
(0.05472277555 0.01678900156 -0.04408982043)
(-0.05335024657 0.02275802019 -0.0429906701)
(-0.04480290175 0.02507877752 -0.04285150035)
(-0.03581118788 0.02775576439 -0.0486265093)
(-0.0247987251 0.03004144656 -0.05330611229)
(-0.0125926273 0.03187981044 -0.05613539795)
(2.781319002e-06 0.03243959514 -0.05739939745)
(0.01259432367 0.03187981044 -0.05613973209)
(0.02479546835 0.03004144656 -0.05331022691)
(0.03580307902 0.02775576439 -0.04862980252)
(0.04480295372 0.02507877752 -0.04285142627)
(0.05335024657 0.02275802019 -0.0429906701)
(-0.05168140126 0.02861115087 -0.04141266381)
(-0.0435408762 0.0315148528 -0.04208515721)
(-0.0345404109 0.03452801256 -0.04716165437)
(-0.02382987854 0.03698886785 -0.05120589664)
(-0.01209118333 0.0388148947 -0.05363235691)
(2.085989252e-06 0.03938761595 -0.05468655059)
(0.01209245561 0.0388148947 -0.05363560752)
(0.02382743597 0.03698886785 -0.05120898261)
(0.03453432925 0.03452801256 -0.04716412428)
(0.04354091519 0.0315148528 -0.04208510165)
(0.05168140126 0.02861115087 -0.04141266381)
(-0.0497145053 0.03428550461 -0.03937139622)
(-0.04181835923 0.03776164461 -0.04085180592)
(-0.03288439744 0.04105555157 -0.04512768744)
(-0.02258612839 0.04364746085 -0.04846673248)
(-0.01144865979 0.04543938195 -0.05046223903)
(1.390659501e-06 0.04601659018 -0.05129447565)
(0.01144950798 0.04543938195 -0.0504644061)
(0.02258450001 0.04364746085 -0.0484687898)
(0.032880343 0.04105555157 -0.04512933405)
(0.04181838522 0.03776164461 -0.04085176888)
(0.0497145053 0.03428550461 -0.03937139622)
(-0.04744361108 0.03972122579 -0.03689920607)
(-0.03965489363 0.04373314867 -0.0391696664)
(-0.03086791468 0.0472462156 -0.04255701291)
(-0.02108874038 0.04992279733 -0.04513472584)
(-0.01067659961 0.05166082239 -0.04667939235)
(6.953297505e-07 0.05223436532 -0.0472804686)
(0.0106770237 0.05166082239 -0.04668047589)
(0.02108792619 0.04992279733 -0.0451357545)
(0.03086588746 0.0472462156 -0.04255783621)
(0.03965490663 0.04373314867 -0.03916964788)
(0.04744361108 0.03972122579 -0.03689920607)
(-0.04486258678 0.04486258678 -0.03403963299)
(-0.03707841171 0.04934944543 -0.03706512674)
(-0.02852428801 0.05301554781 -0.03949324858)
(-0.01936537607 0.05572956788 -0.04126981311)
(-0.009789658721 0.05739653829 -0.04235327584)
(7.754403586e-19 0.05795882445 -0.04271738134)
(0.009789658721 0.05739653829 -0.04235327584)
(0.01936537607 0.05572956788 -0.04126981311)
(0.02852428801 0.05301554781 -0.03949324858)
(0.03707841171 0.04934944543 -0.03706512674)
(0.04486258678 0.04486258678 -0.03403963299)
(-0.06133821058 0 -0.03769270464)
(-0.06068739488 0 -0.0384898919)
(-0.05409236804 0 -0.04714498546)
(-0.04342143895 0 -0.0551924887)
(-0.0229583905 0 -0.05708685984)
(0.0001790380577 0 -0.05595721317)
(0.02309915467 0 -0.05713876014)
(0.04338842538 0 -0.05523673269)
(0.05404691058 0 -0.04718636687)
(0.06068758608 0 -0.03848938417)
(0.06133821058 0 -0.03769270464)
(-0.06882456481 0.0002701726527 -0.03701989552)
(-0.0522245992 0.0005107217972 -0.03084974998)
(-0.04689164785 0.0007554320015 -0.03886292328)
(-0.03739521627 0.001152594438 -0.04614266486)
(-0.01959910846 0.002544663341 -0.0477475587)
(0.0001611342519 0.003020329037 -0.0466585382)
(0.01972579622 0.002544663341 -0.04779426898)
(0.03736550405 0.001152594438 -0.04618248446)
(0.04685073613 0.0007554320015 -0.03890016654)
(0.05222477128 0.0005107217972 -0.03084929303)
(0.06882456481 0.0002701726527 -0.03701989552)
(-0.06429044683 0.001382450107 -0.03541600177)
(-0.05132147106 0.002195212249 -0.03297342539)
(-0.04579184124 0.003345139908 -0.04026533277)
(-0.03652552547 0.004721780001 -0.04687002605)
(-0.01933708346 0.006432250729 -0.04847382734)
(0.0001432304461 0.006882094232 -0.04760971985)
(0.0194496948 0.006432250729 -0.04851534759)
(0.03649911461 0.004721780001 -0.04690542125)
(0.04575547527 0.003345139908 -0.04029843789)
(0.05132162403 0.002195212249 -0.03297301921)
(0.06429044683 0.001382450107 -0.03541600177)
(-0.06264470416 0.005787330531 -0.03502541348)
(-0.05189486309 0.006890435011 -0.03377762495)
(-0.0455786255 0.008581932011 -0.0407330973)
(-0.03577645246 0.01033211619 -0.04693439545)
(-0.01886936258 0.01220356736 -0.04857222057)
(0.0001253266404 0.01272149526 -0.04790110382)
(0.0189678975 0.01220356736 -0.04860855078)
(0.03575334296 0.01033211619 -0.04696536625)
(0.04554680528 0.008581932011 -0.04076206428)
(0.05189499693 0.006890435011 -0.03377726954)
(0.06264470416 0.005787330531 -0.03502541348)
(-0.06179404734 0.01215659529 -0.03490349971)
(-0.05181609594 0.01381294144 -0.03419068169)
(-0.04483572402 0.01604734807 -0.04068621658)
(-0.03463925664 0.01814907902 -0.04638876573)
(-0.01819396679 0.02012245525 -0.04799803637)
(0.0001074228346 0.02069289248 -0.04749819229)
(0.01827842529 0.02012245525 -0.04802917656)
(0.0346194485 0.01814907902 -0.04641531213)
(0.04480844955 0.01604734807 -0.04071104542)
(0.05181621066 0.01381294144 -0.03419037705)
(0.06179404734 0.01215659529 -0.03490349971)
(-0.06049168786 0.01850532359 -0.03439115443)
(-0.05117585779 0.02078608596 -0.03421900978)
(-0.04362128115 0.02353488329 -0.04016857431)
(-0.033163784 0.02595894288 -0.04530848501)
(-0.01734437086 0.02801148559 -0.04686009149)
(8.951902883e-05 0.02862693956 -0.04651962832)
(0.01741475295 0.02801148559 -0.04688604165)
(0.03314727721 0.02595894288 -0.045330607)
(0.04359855242 0.02353488329 -0.04018926501)
(0.05117595339 0.02078608596 -0.03421875592)
(0.06049168786 0.01850532359 -0.03439115443)
(-0.05874349401 0.02476233567 -0.03347197824)
(-0.04995536547 0.02771334275 -0.03384699641)
(-0.04192110688 0.03093747163 -0.03916388868)
(-0.03134094108 0.03364814935 -0.0436776863)
(-0.01631611558 0.03575639976 -0.04514338226)
(7.161522307e-05 0.03640868782 -0.04495063191)
(0.01637242125 0.03575639976 -0.04516414238)
(0.03132773565 0.03364814935 -0.04369538389)
(0.0419029239 0.03093747163 -0.03918044124)
(0.04995544195 0.02771334275 -0.03384679332)
(0.05874349401 0.02476233567 -0.03347197824)
(-0.05655777368 0.03085564794 -0.03214648399)
(-0.0481532695 0.03449464126 -0.03307275232)
(-0.03973776142 0.03814613336 -0.03767328666)
(-0.0291743749 0.0411028168 -0.04150129746)
(-0.01511157083 0.04324371126 -0.04285542611)
(5.37114173e-05 0.0439243531 -0.04279964174)
(0.01515380008 0.04324371126 -0.04287099621)
(0.02916447082 0.0411028168 -0.04151457066)
(0.03972412418 0.03814613336 -0.03768570108)
(0.04815332686 0.03449464126 -0.0330726)
(0.05655777368 0.03085564794 -0.03214648399)
(-0.0539439607 0.03671533025 -0.03043340567)
(-0.04578664849 0.04103180327 -0.03190811404)
(-0.03709115425 0.0450552329 -0.03571571256)
(-0.02668088833 0.04821380292 -0.03880555916)
(-0.0137399381 0.05036557272 -0.04002702426)
(3.580761153e-05 0.05106611876 -0.04009909243)
(0.01376809093 0.05036557272 -0.04003740432)
(0.02667428561 0.04821380292 -0.03881440796)
(0.03708206276 0.0450552329 -0.03572398884)
(0.04578668673 0.04103180327 -0.03190801249)
(0.0539439607 0.03671533025 -0.03043340567)
(-0.05091288223 0.04227595519 -0.0283671793)
(-0.04288846507 0.04723325271 -0.03037692844)
(-0.03401611747 0.05156703265 -0.03332565161)
(-0.023888457 0.05488110771 -0.03563523285)
(-0.01221611528 0.05702396257 -0.03670911965)
(1.790380577e-05 0.05773626053 -0.03690213789)
(0.0122301917 0.05702396257 -0.03671430968)
(0.02388515564 0.05488110771 -0.03563965725)
(0.03401157172 0.05156703265 -0.03332978975)
(0.04288848419 0.04723325271 -0.03037687766)
(0.05091288223 0.04227595519 -0.0283671793)
(-0.0474781915 0.0474781915 -0.02599312724)
(-0.03950247959 0.05301546641 -0.02851165424)
(-0.03055784745 0.05759347214 -0.03054848484)
(-0.0208326565 0.06101581813 -0.03204793849)
(-0.01055871532 0.06313259942 -0.03296647419)
(5.100368242e-18 0.06384905784 -0.03327608471)
(0.01055871532 0.06313259942 -0.03296647419)
(0.0208326565 0.06101581813 -0.03204793849)
(0.03055784745 0.05759347214 -0.03054848484)
(0.03950247959 0.05301546641 -0.02851165424)
(0.0474781915 0.0474781915 -0.02599312724)
(-0.06719250184 0 -0.02585645931)
(-0.06676137384 0 -0.02673940665)
(-0.06145102027 0 -0.03338828317)
(-0.04388166524 0 -0.03814757635)
(-0.02161991565 0 -0.03878744569)
(0.0003372436759 0 -0.03803281572)
(0.02215355673 0 -0.03882254862)
(0.0442775485 0 -0.03819296506)
(0.06154984582 0 -0.03347962572)
(0.06676159961 0 -0.0267385537)
(0.06719250184 0 -0.02585645931)
(-0.07346366227 0.00062016793 -0.02522824329)
(-0.05721447539 0.0009423748598 -0.02144493879)
(-0.05317353699 0.001257901454 -0.02758902189)
(-0.03759082105 0.001710164428 -0.03190563021)
(-0.01828795108 0.003137286573 -0.03242029073)
(0.0003035193083 0.00362498722 -0.03169480571)
(0.01876822806 0.003137286573 -0.03245188336)
(0.03794711599 0.001710164428 -0.03194648005)
(0.05326247997 0.001257901454 -0.02767123019)
(0.05721467858 0.0009423748598 -0.02144417113)
(0.07346366227 0.00062016793 -0.02522824329)
(-0.0691282998 0.002453487931 -0.02426082458)
(-0.05635637399 0.003429565644 -0.02293996642)
(-0.05184381442 0.004721126083 -0.02852635901)
(-0.03702107349 0.006207967252 -0.03246209137)
(-0.01833552593 0.007988544462 -0.03304379956)
(0.0002697949407 0.008462457868 -0.03247031739)
(0.0187624388 0.007988544462 -0.0330718819)
(0.0373377801 0.006207967252 -0.03249840234)
(0.05192287485 0.004721126083 -0.02859943305)
(0.05635655461 0.003429565644 -0.02293928406)
(0.0691282998 0.002453487931 -0.02426082458)
(-0.06750133418 0.007100187348 -0.02403325094)
(-0.05683081 0.008448265184 -0.02348631824)
(-0.05129269565 0.01035221135 -0.02877157424)
(-0.03649995235 0.01226769715 -0.03250753276)
(-0.01814140921 0.01424430804 -0.03317969954)
(0.0002360705731 0.0147983408 -0.0327369387)
(0.01851495797 0.01424430804 -0.03320427159)
(0.03677707064 0.01226769715 -0.03253930486)
(0.05136187353 0.01035221135 -0.02883551403)
(0.05683096804 0.008448265184 -0.02348572118)
(0.06750133418 0.007100187348 -0.02403325094)
(-0.066514643 0.01366463729 -0.02394697242)
(-0.0565292377 0.01564761458 -0.02373408695)
(-0.05011900429 0.01816528677 -0.02863587141)
(-0.03552878383 0.02048741988 -0.03210848683)
(-0.01770865529 0.02260100907 -0.03282939334)
(0.0002023462056 0.0232195861 -0.03250287513)
(0.01802883994 0.02260100907 -0.03285045509)
(0.03576631379 0.02048741988 -0.03213572006)
(0.05017829961 0.01816528677 -0.02869067694)
(0.05652937317 0.01564761458 -0.02373357518)
(0.066514643 0.01366463729 -0.02394697242)
(-0.06497092914 0.02017909877 -0.02357732855)
(-0.05558193838 0.02286815006 -0.02370229223)
(-0.04841057952 0.02597102934 -0.02816324988)
(-0.03417721048 0.02867059162 -0.03132992924)
(-0.01708063724 0.03089840054 -0.03208016901)
(0.000168621838 0.03157402926 -0.03186196558)
(0.01734745778 0.03089840054 -0.03209772048)
(0.03437515212 0.02867059162 -0.0313526236)
(0.04845999229 0.02597102934 -0.02820892115)
(0.05558205126 0.02286815006 -0.02370186576)
(0.06497092914 0.02017909877 -0.02357732855)
(-0.06287643368 0.02656620271 -0.02291353625)
(-0.05397042711 0.0300071565 -0.02338067537)
(-0.04615345502 0.03365618372 -0.02734300494)
(-0.03243628796 0.03669746467 -0.03016143183)
(-0.01625297038 0.03901603453 -0.03092217396)
(0.0001348974704 0.03974053229 -0.03080450659)
(0.01646642682 0.03901603453 -0.03093621513)
(0.03259464127 0.03669746467 -0.03017958731)
(0.04619298524 0.03365618372 -0.02737954196)
(0.05397051742 0.0300071565 -0.02338033419)
(0.06287643368 0.02656620271 -0.02291353625)
(-0.06024536143 0.03274941741 -0.02195778897)
(-0.05169807194 0.03696001522 -0.02276982844)
(-0.04335372913 0.04110722205 -0.02617773949)
(-0.03031202206 0.04444960925 -0.0286081314)
(-0.01522920399 0.04683587641 -0.02936227137)
(0.0001011731028 0.0476007629 -0.02933797549)
(0.01538929632 0.04683587641 -0.02937280225)
(0.03043078703 0.04444960925 -0.02862174802)
(0.04338337679 0.04110722205 -0.02620514225)
(0.05169813967 0.03696001522 -0.02276957255)
(0.06024536143 0.03274941741 -0.02195778897)
(-0.05709884932 0.03865571255 -0.02072598889)
(-0.04879131397 0.04362544785 -0.02188105527)
(-0.04003833322 0.0482154086 -0.02468349587)
(-0.02782589688 0.05181478292 -0.02669093457)
(-0.01402088018 0.05424697865 -0.0274244082)
(6.744873518e-05 0.05504380431 -0.02748740819)
(0.0141276084 0.05424697865 -0.02743142878)
(0.02790507353 0.05181478292 -0.02670001231)
(0.04005809833 0.0482154086 -0.02470176439)
(0.04879135912 0.04362544785 -0.02188088468)
(0.05709884932 0.03865571255 -0.02072598889)
(-0.05346440934 0.04421776557 -0.01924571479)
(-0.04529646368 0.04990998316 -0.02073487525)
(-0.03625211027 0.05488111061 -0.02288788572)
(-0.02501256199 0.05869109052 -0.02444430374)
(-0.01264623381 0.06114942454 -0.02514716789)
(3.372436759e-05 0.06197003707 -0.0252928621)
(0.01269959792 0.06114942454 -0.02515067818)
(0.02505215032 0.05869109052 -0.02444884261)
(0.03626199282 0.05488111061 -0.02289701997)
(0.04529648626 0.04990998316 -0.02073478995)
(0.05346440934 0.04421776557 -0.01924571479)
(-0.04937565248 0.04937565248 -0.0175524894)
(-0.04127324763 0.05572950525 -0.01935823533)
(-0.03205223131 0.06101567487 -0.02082647084)
(-0.02191557609 0.06498902624 -0.02191196005)
(-0.01112786937 0.06745633995 -0.02257903284)
(0 0.06829314787 -0.02280451608)
(0.01112786937 0.06745633995 -0.02257903284)
(0.02191557609 0.06498902624 -0.02191196005)
(0.03205223131 0.06101567487 -0.02082647084)
(0.04127324763 0.05572950525 -0.01935823533)
(0.04937565248 0.04937565248 -0.0175524894)
(-0.07078684025 0 -0.01314979434)
(-0.07072728702 0 -0.01373508011)
(-0.05867570077 0 -0.01684883661)
(-0.04086126125 0 -0.0192755627)
(-0.02021756126 0 -0.01961470073)
(0.000503132812 0 -0.01923789022)
(0.02116282956 0 -0.01963220461)
(0.04177620117 0 -0.01929275075)
(0.05946172437 0 -0.01688714928)
(0.07072907131 0 -0.01373410143)
(0.07078684025 0 -0.01314979434)
(-0.07629441456 0.001605254399 -0.01279913613)
(-0.06047919391 0.001979120661 -0.01104155504)
(-0.05045779232 0.002339620401 -0.01392745541)
(-0.03473260475 0.002826925702 -0.01613084343)
(-0.01695765001 0.00427635454 -0.01640719197)
(0.0004528195308 0.004771726615 -0.01604551456)
(0.01780839148 0.00427635454 -0.01642294547)
(0.03555605068 0.002826925702 -0.01614631268)
(0.05116521356 0.002339620401 -0.01396193681)
(0.06048079978 0.001979120661 -0.01104067422)
(0.07629441456 0.001605254399 -0.01279913613)
(-0.07208715142 0.003710323261 -0.01235333369)
(-0.05963025249 0.004789719639 -0.01181648703)
(-0.04972041056 0.006171226369 -0.01444808273)
(-0.03468022219 0.007728152191 -0.01645903713)
(-0.01725486683 0.009553342788 -0.01676872444)
(0.0004025062496 0.01004259905 -0.01648360907)
(0.01801108147 0.009553342788 -0.01678272755)
(0.03541217413 0.007728152191 -0.01647278758)
(0.05034922944 0.006171226369 -0.01447873287)
(0.05963167992 0.004789719639 -0.01181570408)
(0.07208715142 0.003710323261 -0.01235333369)
(-0.07044783521 0.008447982512 -0.01224583407)
(-0.06000148852 0.009951038345 -0.01208546141)
(-0.04967736264 0.01198990395 -0.0145910294)
(-0.03462028608 0.01401051673 -0.01650010124)
(-0.01728230209 0.0160540477 -0.01685483277)
(0.0003521929684 0.01663109474 -0.01663563869)
(0.0179439899 0.0160540477 -0.01686708549)
(0.03526074403 0.01401051673 -0.01651213288)
(0.05022757916 0.01198990395 -0.01461784827)
(0.06000273753 0.009951038345 -0.01208477633)
(0.07044783521 0.008447982512 -0.01224583407)
(-0.06934620951 0.01505272452 -0.01219487535)
(-0.05951464911 0.01724233915 -0.01219103758)
(-0.04895019177 0.01993990392 -0.01452941039)
(-0.03406926902 0.02240220633 -0.01630481504)
(-0.01705058337 0.0246050223 -0.01668373136)
(0.0003018796872 0.02525428504 -0.0165232192)
(0.01761774435 0.0246050223 -0.01669423369)
(0.03461823297 0.02240220633 -0.01631512788)
(0.04942180594 0.01993990392 -0.01455239799)
(0.05951571968 0.01724233915 -0.01219045037)
(0.06934620951 0.01505272452 -0.01219487535)
(-0.06763356442 0.02158582519 -0.01199638264)
(-0.0583388853 0.02453317315 -0.01215098072)
(-0.04765588948 0.02786091816 -0.01429348071)
(-0.03311624845 0.03073569207 -0.01591392169)
(-0.01661280118 0.03307503445 -0.01630731957)
(0.000251566406 0.03378902032 -0.01620152542)
(0.01708543533 0.03307503445 -0.01631607151)
(0.03357371841 0.03073569207 -0.01592251572)
(0.04804890128 0.02786091816 -0.01431263705)
(0.05833977745 0.02453317315 -0.01215049138)
(0.06763356442 0.02158582519 -0.01199638264)
(-0.06531694432 0.02796807078 -0.01164508819)
(-0.05645635483 0.03171898057 -0.01196028526)
(-0.04578097141 0.03563784666 -0.0138780118)
(-0.03175260134 0.03888938157 -0.0153223309)
(-0.0159647315 0.04134179159 -0.01572079488)
(0.0002012531248 0.04211231792 -0.01566582938)
(0.01634283882 0.04134179159 -0.01572779643)
(0.03211857731 0.03888938157 -0.01532920612)
(0.04609538085 0.03563784666 -0.01389333687)
(0.05645706855 0.03171898057 -0.01195989379)
(0.06531694432 0.02796807078 -0.01164508819)
(-0.06241466582 0.03412243611 -0.01114264226)
(-0.05387371516 0.03869464925 -0.01161980078)
(-0.04333400297 0.0431566681 -0.01328485864)
(-0.02998597819 0.04674435159 -0.01453316462)
(-0.01511074596 0.04928676559 -0.01492814244)
(0.0001509398436 0.05010535208 -0.0149204233)
(0.01539432645 0.04928676559 -0.0149333936)
(0.03026046017 0.04674435159 -0.01453832103)
(0.04356981006 0.0431566681 -0.01329635244)
(0.05387425045 0.03869464925 -0.01161950717)
(0.06241466582 0.03412243611 -0.01114264226)
(-0.05895544236 0.03997633586 -0.01049787073)
(-0.05062346861 0.04535934581 -0.01113605397)
(-0.04034646147 0.05030909173 -0.0125229172)
(-0.02784089374 0.05418880467 -0.01355775093)
(-0.01406390199 0.05679945394 -0.01394221051)
(0.0001006265624 0.05765765102 -0.01397869993)
(0.01425295565 0.05679945394 -0.01394571129)
(0.02802388173 0.05418880467 -0.01356118854)
(0.04050366619 0.05030909173 -0.01253057974)
(0.05062382547 0.04535934581 -0.01113585824)
(0.05895544236 0.03997633586 -0.01049787073)
(-0.05497727588 0.04546359214 -0.009725622475)
(-0.04676031762 0.05162074372 -0.01052036403)
(-0.03686948381 0.05699662948 -0.01160705278)
(-0.02535619352 0.06112199033 -0.01241438053)
(-0.01284453242 0.0637810846 -0.0127833503)
(5.03132812e-05 0.06467073998 -0.01286174744)
(0.01293905925 0.0637810846 -0.01278510068)
(0.02544768752 0.06112199033 -0.01241609934)
(0.03694808617 0.05699662948 -0.01161088405)
(0.04676049605 0.05162074372 -0.01052026616)
(0.05497727588 0.04546359214 -0.009725622475)
(-0.0505260878 0.0505260878 -0.008844710412)
(-0.0423538371 0.0573965339 -0.009787255977)
(-0.03296762734 0.06313243498 -0.01055609783)
(-0.0225803604 0.06745620961 -0.01112596554)
(-0.01147770385 0.07014659025 -0.01147685455)
(0 0.07106011246 -0.01159570682)
(0.01147770385 0.07014659025 -0.01147685455)
(0.0225803604 0.06745620961 -0.01112596554)
(0.03296762734 0.06313243498 -0.01055609783)
(0.0423538371 0.0573965339 -0.009787255977)
(0.0505260878 0.0505260878 -0.008844710412)
(-0.072 0 -8.483052761e-20)
(-0.07233123853 0 1.532050647e-07)
(-0.05584758015 0 5.256962331e-06)
(-0.03777472153 0 9.661209672e-06)
(-0.01878266673 0 2.917816096e-06)
(0.0006729336158 0 2.198360207e-07)
(0.02014911361 0 3.4213443e-06)
(0.03922008355 0 2.129129488e-05)
(0.05733387592 0 2.098308135e-05)
(0.07234129852 0 4.881371911e-07)
(0.072 0 -8.483052761e-20)
(-0.07724567422 0.002050868712 6.487090742e-18)
(-0.06181879949 0.002442403985 1.378845583e-07)
(-0.04783810058 0.002818336956 4.731266098e-06)
(-0.03190698196 0.003317673797 8.695088705e-06)
(-0.01564296892 0.00477476103 2.626034486e-06)
(0.0006056402542 0.005272769638 1.978524187e-07)
(0.01687277111 0.00477476103 3.07920987e-06)
(0.03320780778 0.003317673797 1.916216539e-05)
(0.04917576678 0.002818336956 1.888477321e-05)
(0.06182785347 0.002442403985 4.39323472e-07)
(0.07724567422 0.002050868712 6.487090742e-18)
(-0.07309167238 0.004099576417 -1.300644735e-17)
(-0.06095429667 0.005214310817 1.225640518e-07)
(-0.04749573613 0.006626684008 4.205569865e-06)
(-0.03223990861 0.008207672911 7.728967738e-06)
(-0.01612259532 0.0100481803 2.334252876e-06)
(0.0005383468927 0.01054270963 1.758688166e-07)
(0.01721575283 0.0100481803 2.73707544e-06)
(0.03339619823 0.008207672911 1.70330359e-05)
(0.04868477274 0.006626684008 1.678646508e-05)
(0.06096234466 0.005214310817 3.905097529e-07)
(0.07309167238 0.004099576417 -1.300644735e-17)
(-0.07145142563 0.008871698893 6.212283955e-18)
(-0.06126661783 0.01042776176 1.072435453e-07)
(-0.0478151904 0.01251292706 3.679873632e-06)
(-0.03254360497 0.01456963446 6.76284677e-06)
(-0.0163216018 0.01663614061 2.042471267e-06)
(0.0004710535311 0.01722109725 1.538852145e-07)
(0.01727811462 0.01663614061 2.39494101e-06)
(0.03355535838 0.01456963446 1.490390641e-05)
(0.04885559744 0.01251292706 1.468815694e-05)
(0.06127365982 0.01042776176 3.416960338e-07)
(0.07145142563 0.008871698893 6.212283955e-18)
(-0.07031300239 0.01549509689 1.147209883e-18)
(-0.06069216995 0.01775538756 9.192303884e-08)
(-0.04742900152 0.02051468525 3.154177399e-06)
(-0.03234187358 0.02302511383 5.796725803e-06)
(-0.0162542809 0.02525856337 1.750689657e-06)
(0.0004037601695 0.02591837225 1.319016124e-07)
(0.01707414903 0.02525856337 2.05280658e-06)
(0.03320909079 0.02302511383 1.277477693e-05)
(0.04832077899 0.02051468525 1.258984881e-05)
(0.06069820594 0.01775538756 2.928823147e-07)
(0.07031300239 0.01549509689 1.147209883e-18)
(-0.06854401215 0.02203933297 6.335944426e-18)
(-0.05941315958 0.02507502599 7.660253237e-08)
(-0.04646395265 0.02847993714 2.628481165e-06)
(-0.03173031962 0.03141486876 4.830604836e-06)
(-0.015976987 0.03379250312 1.458908048e-06)
(0.0003364668079 0.03451967165 1.099180104e-07)
(0.01666021044 0.03379250312 1.71067215e-06)
(0.03245300063 0.03141486876 1.064564744e-05)
(0.04720710053 0.02847993714 1.049154067e-05)
(0.05941818957 0.02507502599 2.440685955e-07)
(0.06854401215 0.02203933297 6.335944426e-18)
(-0.06615177655 0.02842452647 1.181824706e-17)
(-0.05741196626 0.03228145033 6.128202591e-08)
(-0.04490672579 0.0362929158 2.102784932e-06)
(-0.030700431 0.03961663995 3.864483869e-06)
(-0.01548555154 0.04211500034 1.167126438e-06)
(0.0002691734463 0.04290134587 8.79344083e-08)
(0.01603213029 0.04211500034 1.36853772e-06)
(0.03127857581 0.03961663995 8.516517951e-06)
(0.0455012441 0.0362929158 8.39323254e-06)
(0.05741599026 0.03228145033 1.952548764e-07)
(0.06615177655 0.02842452647 1.181824706e-17)
(-0.06315607387 0.03457338512 8.963611062e-19)
(-0.05469641681 0.03926928134 4.596151942e-08)
(-0.04276676337 0.0438393328 1.577088699e-06)
(-0.02926044287 0.04751123707 2.898362902e-06)
(-0.01478463849 0.05010725985 8.753448287e-07)
(0.0002018800847 0.05094430207 6.595080622e-08)
(0.01519457256 0.05010725985 1.02640329e-06)
(0.02969405147 0.04751123707 6.387388463e-06)
(0.0432126521 0.0438393328 6.294924405e-06)
(0.05469943481 0.03926928134 1.464411573e-07)
(0.06315607387 0.03457338512 8.963611062e-19)
(-0.05958828893 0.04041338542 1.734514985e-18)
(-0.05130115063 0.04593774746 3.064101295e-08)
(-0.04007714548 0.05101095923 1.051392466e-06)
(-0.02743593851 0.05498692449 1.932241934e-06)
(-0.01388783954 0.05765884092 5.835632191e-07)
(0.0001345867232 0.05853813026 4.396720414e-08)
(0.01416112892 0.05765884092 6.8426886e-07)
(0.02772501091 0.05498692449 4.258258976e-06)
(0.04037440464 0.05101095923 4.19661627e-06)
(0.05130316263 0.04593774746 9.762743821e-08)
(0.05958828893 0.04041338542 1.734514985e-18)
(-0.05549009609 0.04587866898 3.704252335e-19)
(-0.04728380812 0.05219484166 1.532050648e-08)
(-0.03689121253 0.0577096265 5.256962331e-07)
(-0.02526723243 0.06194327121 9.661209672e-07)
(-0.01281622203 0.06467129103 2.917816096e-07)
(6.729336158e-05 0.0655846752 2.198360206e-08)
(0.01295286672 0.06467129103 3.4213443e-07)
(0.02541176863 0.06194327121 2.129129488e-06)
(0.03703984211 0.0577096265 2.098308135e-06)
(0.04728481412 0.05219484166 4.881371911e-08)
(0.05549009609 0.04587866898 3.704252335e-19)
(-0.05091168825 0.05091168825 0)
(-0.04271738134 0.05795882445 5.181324122e-18)
(-0.03327608471 0.06384905784 1.065080961e-18)
(-0.02280451608 0.06829314787 6.188520692e-18)
(-0.01159570682 0.07106011246 -6.829764626e-18)
(0 0.072 -1.250234586e-17)
(0.01159570682 0.07106011246 -1.238364275e-17)
(0.02280451608 0.06829314787 -5.372272441e-18)
(0.03327608471 0.06384905784 -5.199247231e-18)
(0.04271738134 0.05795882445 -5.546549864e-18)
(0.05091168825 0.05091168825 0)
(-0.07078684025 0 0.01314979434)
(-0.07072767377 0 0.01373511481)
(-0.05864788106 0 0.01685488564)
(-0.04079444365 0 0.0192885641)
(-0.02016519214 0 0.01961878353)
(0.0005126289032 0 0.01923830287)
(0.02109953442 0 0.01963753103)
(0.04159721538 0 0.01932168203)
(0.05929427817 0 0.01691050201)
(0.07073030714 0 0.01373421988)
(0.07078684025 0 0.01314979434)
(-0.07629441456 0.001605254399 0.01279913613)
(-0.060479542 0.001979120661 0.01104158626)
(-0.05043275458 0.002339620401 0.01393289954)
(-0.03467246891 0.002826925702 0.01614254469)
(-0.0169105178 0.00427635454 0.01641086649)
(0.0004613660128 0.004771726615 0.01604588595)
(0.01775142585 0.00427635454 0.01642773925)
(0.03539496347 0.002826925702 0.01617235083)
(0.05101451198 0.002339620401 0.01398295427)
(0.06048191203 0.001979120661 0.01104078083)
(0.07629441456 0.001605254399 0.01279913613)
(-0.07208715142 0.003710323261 0.01235333369)
(-0.05963056189 0.004789719639 0.01181651478)
(-0.04969815479 0.006171226369 0.01445292196)
(-0.03462676811 0.007728152191 0.01646943825)
(-0.01721297153 0.009553342788 0.01677199068)
(0.0004101031225 0.01004259905 0.01648393919)
(0.01796044535 0.009553342788 0.01678698868)
(0.0352689855 0.007728152191 0.0164959326)
(0.05021527248 0.006171226369 0.01449741505)
(0.05963266859 0.004789719639 0.01181579885)
(0.07208715142 0.003710323261 0.01235333369)
(-0.07044783521 0.008447982512 0.01224583407)
(-0.06000175925 0.009951038345 0.0120854857)
(-0.04965788884 0.01198990395 0.01459526373)
(-0.03457351376 0.01401051673 0.01650920223)
(-0.01724564371 0.0160540477 0.01685769073)
(0.0003588402322 0.01663109474 0.01663592754)
(0.0178996833 0.0160540477 0.01687081399)
(0.03513545397 0.01401051673 0.01653238478)
(0.05011036682 0.01198990395 0.01463419519)
(0.06000360261 0.009951038345 0.01208485925)
(0.07044783521 0.008447982512 0.01224583407)
(-0.06934620951 0.01505272452 0.01219487535)
(-0.05951488116 0.01724233915 0.0121910584)
(-0.04893349995 0.01993990392 0.01453303981)
(-0.03402917846 0.02240220633 0.01631261589)
(-0.0170191619 0.0246050223 0.01668618104)
(0.0003075773419 0.02525428504 0.01652346679)
(0.01757976727 0.0246050223 0.01669742954)
(0.0345108415 0.02240220633 0.01633248664)
(0.04932133821 0.01993990392 0.01456640963)
(0.05951646118 0.01724233915 0.01219052144)
(0.06934620951 0.01505272452 0.01219487535)
(-0.06763356442 0.02158582519 0.01199638264)
(-0.05833907868 0.02453317315 0.01215099807)
(-0.04764197962 0.02786091816 0.01429650523)
(-0.03308283965 0.03073569207 0.01592042239)
(-0.01658661662 0.03307503445 0.01630936097)
(0.0002563144516 0.03378902032 0.01620173175)
(0.01705378776 0.03307503445 0.01631873472)
(0.03348422551 0.03073569207 0.01593698136)
(0.04796517818 0.02786091816 0.01432431341)
(0.05834039537 0.02453317315 0.01215055061)
(0.06763356442 0.02158582519 0.01199638264)
(-0.06531694432 0.02796807078 0.01164508819)
(-0.05645650953 0.03171898057 0.01196029914)
(-0.04576984352 0.03563784666 0.01388043141)
(-0.0317258743 0.03888938157 0.01532753146)
(-0.01594378385 0.04134179159 0.015722428)
(0.0002050515613 0.04211231792 0.01566599444)
(0.01631752076 0.04134179159 0.015729927)
(0.03204698299 0.03888938157 0.01534077863)
(0.04602840237 0.03563784666 0.01390267796)
(0.05645756288 0.03171898057 0.01195994117)
(0.06531694432 0.02796807078 0.01164508819)
(-0.06241466582 0.03412243611 0.01114264226)
(-0.05387383119 0.03869464925 0.01161981118)
(-0.04332565706 0.0431566681 0.01328667335)
(-0.02996593292 0.04674435159 0.01453706504)
(-0.01509503523 0.04928676559 0.01492936728)
(0.0001537886709 0.05010535208 0.0149205471)
(0.01537533791 0.04928676559 0.01493499153)
(0.03020676443 0.04674435159 0.01454700042)
(0.04351957619 0.0431566681 0.01330335826)
(0.0538746212 0.03869464925 0.01161954271)
(0.06241466582 0.03412243611 0.01114264226)
(-0.05895544236 0.03997633586 0.01049787073)
(-0.05062354596 0.04535934581 0.01113606091)
(-0.04034089752 0.05030909173 0.01252412701)
(-0.02782753022 0.05418880467 0.01356035121)
(-0.01405342816 0.05679945394 0.01394302707)
(0.0001025257806 0.05765765102 0.01397878246)
(0.01424029662 0.05679945394 0.01394677657)
(0.02798808457 0.05418880467 0.01356697479)
(0.04047017695 0.05030909173 0.01253525028)
(0.05062407264 0.04535934581 0.01113588193)
(0.05895544236 0.03997633586 0.01049787073)
(-0.05497727588 0.04546359214 0.009725622475)
(-0.0467603563 0.05162074372 0.0105203675)
(-0.03686670184 0.05699662948 0.01160765768)
(-0.02534951176 0.06112199033 0.01241568067)
(-0.01283929551 0.0637810846 0.01278375858)
(5.126289032e-05 0.06467073998 0.0128617887)
(0.01293272974 0.0637810846 0.01278563333)
(0.02542978894 0.06112199033 0.01241899246)
(0.03693134155 0.05699662948 0.01161321932)
(0.04676061963 0.05162074372 0.01052027801)
(0.05497727588 0.04546359214 0.009725622475)
(-0.0505260878 0.0505260878 0.008844710412)
(-0.0423538371 0.0573965339 0.009787255977)
(-0.03296762734 0.06313243498 0.01055609783)
(-0.0225803604 0.06745620961 0.01112596554)
(-0.01147770385 0.07014659025 0.01147685455)
(-5.657618895e-18 0.07106011246 0.01159570682)
(0.01147770385 0.07014659025 0.01147685455)
(0.0225803604 0.06745620961 0.01112596554)
(0.03296762734 0.06313243498 0.01055609783)
(0.0423538371 0.0573965339 0.009787255977)
(0.0505260878 0.0505260878 0.008844710412)
(-0.06719250184 0 0.02585645931)
(-0.06676135589 0 0.02673939943)
(-0.06144943607 0 0.0333899082)
(-0.04385391093 0 0.03815428406)
(-0.0215914012 0 0.03878976872)
(0.0003436629908 0 0.03803320096)
(0.02211988871 0 0.03882632253)
(0.04420312076 0 0.03820776352)
(0.06153338844 0 0.03348327696)
(0.06676155632 0 0.02673853922)
(0.06719250184 0 0.02585645931)
(-0.07346366227 0.00062016793 0.02522824329)
(-0.05721445924 0.0009423748598 0.02144493229)
(-0.0531721112 0.001257901454 0.02759048443)
(-0.03756584217 0.001710164428 0.03191166716)
(-0.01826228808 0.003137286573 0.03242238146)
(0.0003092966917 0.00362498722 0.03169515243)
(0.01873792684 0.003137286573 0.03245527989)
(0.03788013102 0.001710164428 0.03195979867)
(0.05324766834 0.001257901454 0.02767451631)
(0.05721463962 0.0009423748598 0.0214441581)
(0.07346366227 0.00062016793 0.02522824329)
(-0.0691282998 0.002453487931 0.02426082458)
(-0.05635635964 0.003429565644 0.02293996065)
(-0.05184254706 0.004721126083 0.02852765904)
(-0.03699887005 0.006207967252 0.03246745754)
(-0.01831271437 0.007988544462 0.03304565799)
(0.0002749303926 0.008462457868 0.03247062559)
(0.01873550438 0.007988544462 0.03307490104)
(0.03727823791 0.006207967252 0.03251024111)
(0.05190970895 0.004721126083 0.02860235404)
(0.05635651998 0.003429565644 0.02293927247)
(0.0691282998 0.002453487931 0.02426082458)
(-0.06750133418 0.007100187348 0.02403325094)
(-0.05683079744 0.008448265184 0.02348631319)
(-0.05129158671 0.01035221135 0.02877271176)
(-0.03648052434 0.01226769715 0.03251222816)
(-0.0181214491 0.01424430804 0.03318132566)
(0.0002405640936 0.0147983408 0.03273720837)
(0.01849139035 0.01424430804 0.03320691333)
(0.03672497122 0.01226769715 0.03254966378)
(0.05135035336 0.01035221135 0.0288380699)
(0.05683093774 0.008448265184 0.02348571104)
(0.06750133418 0.007100187348 0.02403325094)
(-0.066514643 0.01366463729 0.02394697242)
(-0.05652922694 0.01564761458 0.02373408262)
(-0.05011805377 0.01816528677 0.02863684643)
(-0.03551213125 0.02048741988 0.03211251146)
(-0.01769154662 0.02260100907 0.03283078716)
(0.0002061977945 0.0232195861 0.03250310627)
(0.01800863913 0.02260100907 0.03285271944)
(0.03572165715 0.02048741988 0.03214459914)
(0.05016842519 0.01816528677 0.02869286769)
(0.05652934719 0.01564761458 0.02373356649)
(0.066514643 0.01366463729 0.02394697242)
(-0.06497092914 0.02017909877 0.02357732855)
(-0.0555819294 0.02286815006 0.02370228862)
(-0.04840978742 0.02597102934 0.0281640624)
(-0.03416333333 0.02867059162 0.0313332831)
(-0.01706638002 0.03089840054 0.03208133053)
(0.0001718314954 0.03157402926 0.03186215821)
(0.01733062377 0.03089840054 0.03209960744)
(0.03433793824 0.02867059162 0.03136002283)
(0.0484517636 0.02597102934 0.02821074677)
(0.05558202962 0.02286815006 0.02370185851)
(0.06497092914 0.02017909877 0.02357732855)
(-0.06287643368 0.02656620271 0.02291353625)
(-0.05397041993 0.0300071565 0.02338067248)
(-0.04615282134 0.03365618372 0.02734365496)
(-0.03242518624 0.03669746467 0.03016411491)
(-0.0162415646 0.03901603453 0.03092310317)
(0.0001374651963 0.03974053229 0.03080466068)
(0.01645295961 0.03901603453 0.03093772469)
(0.03256487017 0.03669746467 0.0301855067)
(0.04618640229 0.03365618372 0.02738100246)
(0.0539705001 0.0300071565 0.0233803284)
(0.06287643368 0.02656620271 0.02291353625)
(-0.06024536143 0.03274941741 0.02195778897)
(-0.05169806656 0.03696001522 0.02276982627)
(-0.04335325387 0.04110722205 0.026178227)
(-0.03030369576 0.04444960925 0.02861014372)
(-0.01522064966 0.04683587641 0.02936296828)
(0.0001030988972 0.0476007629 0.02933809106)
(0.01537919591 0.04683587641 0.02937393442)
(0.03040845871 0.04444960925 0.02862618756)
(0.04337843958 0.04110722205 0.02620623762)
(0.05169812668 0.03696001522 0.02276956821)
(0.06024536143 0.03274941741 0.02195778897)
(-0.05709884932 0.03865571255 0.02072598889)
(-0.04879131038 0.04362544785 0.02188105383)
(-0.04003801638 0.0482154086 0.02468382088)
(-0.02782034602 0.05181478292 0.02669227611)
(-0.01401517729 0.05424697865 0.02742487281)
(6.873259816e-05 0.05504380431 0.02748748524)
(0.01412087479 0.05424697865 0.02743218357)
(0.02789018798 0.05181478292 0.026702972)
(0.04005480686 0.0482154086 0.02470249463)
(0.04879135046 0.04362544785 0.02188088178)
(0.05709884932 0.03865571255 0.02072598889)
(-0.05346440934 0.04421776557 0.01924571479)
(-0.04529646189 0.04990998316 0.02073487453)
(-0.03625195185 0.05488111061 0.02288804822)
(-0.02500978656 0.05869109052 0.02444497451)
(-0.01264338237 0.06114942454 0.02514740019)
(3.436629908e-05 0.06197003707 0.02529290062)
(0.01269623112 0.06114942454 0.02515105557)
(0.02504470755 0.05869109052 0.02445032246)
(0.03626034709 0.05488111061 0.0228973851)
(0.04529648193 0.04990998316 0.0207347885)
(0.05346440934 0.04421776557 0.01924571479)
(-0.04937565248 0.04937565248 0.0175524894)
(-0.04127324763 0.05572950525 0.01935823533)
(-0.03205223131 0.06101567487 0.02082647084)
(-0.02191557609 0.06498902624 0.02191196005)
(-0.01112786937 0.06745633995 0.02257903284)
(-1.008227964e-17 0.06829314787 0.02280451608)
(0.01112786937 0.06745633995 0.02257903284)
(0.02191557609 0.06498902624 0.02191196005)
(0.03205223131 0.06101567487 0.02082647084)
(0.04127324763 0.05572950525 0.01935823533)
(0.04937565248 0.04937565248 0.0175524894)
(-0.06133821058 0 0.03769270464)
(-0.06068739429 0 0.03848989313)
(-0.05409184342 0 0.04714451203)
(-0.04342282441 0 0.05519385405)
(-0.02295264412 0 0.05708750327)
(0.0001825231039 0 0.05595757228)
(0.0230937642 0 0.05714105227)
(0.0433912688 0 0.05523951231)
(0.05404632437 0 0.04718585649)
(0.06068758851 0 0.03848938975)
(0.06133821058 0 0.03769270464)
(-0.06882456481 0.0002701726527 0.03701989552)
(-0.05222459867 0.0005107217972 0.03084975108)
(-0.04689117569 0.0007554320015 0.03886249719)
(-0.03739646318 0.001152594438 0.04614389367)
(-0.01959393672 0.002544663341 0.04774813779)
(0.0001642707935 0.003020329037 0.0466588614)
(0.0197209448 0.002544663341 0.04779633189)
(0.03736806314 0.001152594438 0.04618498611)
(0.04685020854 0.0007554320015 0.0388997072)
(0.05222477347 0.0005107217972 0.03084929804)
(0.06882456481 0.0002701726527 0.03701989552)
(-0.06429044683 0.001382450107 0.03541600177)
(-0.05132147059 0.002195212249 0.03297342637)
(-0.04579142155 0.003345139908 0.04026495402)
(-0.03652663383 0.004721780001 0.04687111833)
(-0.01933248636 0.006432250729 0.04847434209)
(0.0001460184831 0.006882094232 0.04761000713)
(0.01944538242 0.006432250729 0.04851718129)
(0.03650138935 0.004721780001 0.04690764494)
(0.0457550063 0.003345139908 0.04029802959)
(0.05132162597 0.002195212249 0.03297302367)
(0.06429044683 0.001382450107 0.03541600177)
(-0.06264470416 0.005787330531 0.03502541348)
(-0.05189486268 0.006890435011 0.03377762581)
(-0.04557825827 0.008581932011 0.04073276589)
(-0.03577742228 0.01033211619 0.04693535119)
(-0.01886534012 0.01220356736 0.04857267097)
(0.0001277661727 0.01272149526 0.04790135519)
(0.01896412417 0.01220356736 0.04861015527)
(0.03575533336 0.01033211619 0.04696731198)
(0.04554639493 0.008581932011 0.04076170701)
(0.05189499863 0.006890435011 0.03377727344)
(0.06264470416 0.005787330531 0.03502541348)
(-0.06179404734 0.01215659529 0.03490349971)
(-0.05181609559 0.01381294144 0.03419068243)
(-0.04483540926 0.01604734807 0.04068593252)
(-0.03464008791 0.01814907902 0.04638958494)
(-0.01819051896 0.02012245525 0.04799842243)
(0.0001095138623 0.02069289248 0.04749840776)
(0.01827519101 0.02012245525 0.04803055184)
(0.03462115455 0.01814907902 0.0464169799)
(0.04480809782 0.01604734807 0.0407107392)
(0.05181621212 0.01381294144 0.0341903804)
(0.06179404734 0.01215659529 0.03490349971)
(-0.06049168786 0.01850532359 0.03439115443)
(-0.05117585749 0.02078608596 0.0342190104)
(-0.04362101884 0.02353488329 0.04016833759)
(-0.03316447673 0.02595894288 0.04530916768)
(-0.01734149767 0.02801148559 0.04686041321)
(9.126155195e-05 0.02862693956 0.04651980787)
(0.01741205772 0.02801148559 0.04688718771)
(0.03314869893 0.02595894288 0.04533199681)
(0.04359825932 0.02353488329 0.04018900982)
(0.0511759546 0.02078608596 0.03421875871)
(0.06049168786 0.01850532359 0.03439115443)
(-0.05874349401 0.02476233567 0.03347197824)
(-0.04995536523 0.02771334275 0.0338469969)
(-0.04192089704 0.03093747163 0.03916369931)
(-0.03134149526 0.03364814935 0.04367823244)
(-0.01631381703 0.03575639976 0.04514363963)
(7.300924156e-05 0.03640868782 0.04495077555)
(0.01637026506 0.03575639976 0.04516505923)
(0.03132887302 0.03364814935 0.04369649574)
(0.04190268942 0.03093747163 0.03918023709)
(0.04995544292 0.02771334275 0.03384679555)
(0.05874349401 0.02476233567 0.03347197824)
(-0.05655777368 0.03085564794 0.03214648399)
(-0.04815326932 0.03449464126 0.03307275269)
(-0.03973760403 0.03814613336 0.03767314463)
(-0.02917479053 0.0411028168 0.04150170707)
(-0.01510984691 0.04324371126 0.04285561914)
(5.475693117e-05 0.0439243531 0.04279974947)
(0.01515218294 0.04324371126 0.04287168385)
(0.02916532385 0.0411028168 0.04151540455)
(0.03972394831 0.03814613336 0.03768554797)
(0.04815332759 0.03449464126 0.03307260168)
(0.05655777368 0.03085564794 0.03214648399)
(-0.0539439607 0.03671533025 0.03043340567)
(-0.04578664837 0.04103180327 0.03190811428)
(-0.03709104933 0.0450552329 0.03571561787)
(-0.02668116542 0.04821380292 0.03880583223)
(-0.01373878882 0.05036557272 0.04002715294)
(3.650462078e-05 0.05106611876 0.04009916425)
(0.01376701284 0.05036557272 0.04003786274)
(0.0266748543 0.04821380292 0.03881496388)
(0.03708194552 0.0450552329 0.03572388677)
(0.04578668722 0.04103180327 0.03190801361)
(0.0539439607 0.03671533025 0.03043340567)
(-0.05091288223 0.04227595519 0.0283671793)
(-0.04288846501 0.04723325271 0.03037692856)
(-0.034016065 0.05156703265 0.03332560427)
(-0.02388859555 0.05488110771 0.03563536939)
(-0.01221554064 0.05702396257 0.036709184)
(1.825231039e-05 0.05773626053 0.0369021738)
(0.01222965265 0.05702396257 0.0367145389)
(0.02388543999 0.05488110771 0.03563993521)
(0.0340115131 0.05156703265 0.03332973871)
(0.04288848443 0.04723325271 0.03037687822)
(0.05091288223 0.04227595519 0.0283671793)
(-0.0474781915 0.0474781915 0.02599312724)
(-0.03950247959 0.05301546641 0.02851165424)
(-0.03055784745 0.05759347214 0.03054848484)
(-0.0208326565 0.06101581813 0.03204793849)
(-0.01055871532 0.06313259942 0.03296647419)
(-7.833231081e-18 0.06384905784 0.03327608471)
(0.01055871532 0.06313259942 0.03296647419)
(0.0208326565 0.06101581813 0.03204793849)
(0.03055784745 0.05759347214 0.03054848484)
(0.03950247959 0.05301546641 0.02851165424)
(0.0474781915 0.0474781915 0.02599312724)
(-0.05330916175 0 0.04762024313)
(-0.05327762243 0 0.04826673319)
(-0.04324444592 0 0.0569529885)
(-0.03018447888 0 0.06466999491)
(-0.0152619504 0 0.069594987)
(6.931710818e-06 0 0.07196459162)
(0.01526621473 0 0.06960586894)
(0.03017640799 0 0.0646804211)
(0.04322421166 0 0.05696127493)
(0.05327775667 0 0.04826655208)
(0.05330916175 0 0.04762024313)
(-0.06312271667 0.0001484224548 0.0478643101)
(-0.04619240517 0.0002839299729 0.03861494294)
(-0.03758441797 0.0004374498423 0.04670192628)
(-0.02577472814 0.0007637796863 0.05367427958)
(-0.0128151587 0.002110867501 0.05795926039)
(6.238539737e-06 0.002571115972 0.05999058237)
(0.0128189966 0.002110867501 0.05796905414)
(0.02576746434 0.0007637796863 0.05368366315)
(0.03756620713 0.0004374498423 0.04670938407)
(0.04619252598 0.0002839299729 0.03861477994)
(0.06312271667 0.0001484224548 0.0478643101)
(-0.05830091063 0.0007445162903 0.04550559547)
(-0.04518569674 0.001347195179 0.04130298321)
(-0.03691443457 0.002314742169 0.04868490037)
(-0.02578092993 0.003549717077 0.05503621836)
(-0.01309533437 0.005170225629 0.0590657009)
(5.545368655e-06 0.00558923468 0.06100445601)
(0.01309874583 0.005170225629 0.05907440645)
(0.02577447322 0.003549717077 0.05504455931)
(0.03689824716 0.002314742169 0.04869152952)
(0.04518580414 0.001347195179 0.04130283832)
(0.05830091063 0.0007445162903 0.04550559547)
(-0.05655966219 0.00475417983 0.04488483254)
(-0.04580925431 0.005542159431 0.04235193344)
(-0.03724635141 0.006960085426 0.04954189227)
(-0.02598462243 0.008497771833 0.05563437917)
(-0.01320825061 0.01023427973 0.05945518526)
(4.852197573e-06 0.01070595596 0.0612588105)
(0.01321123563 0.01023427973 0.05946280262)
(0.02597897281 0.008497771833 0.05564167751)
(0.03723218743 0.006960085426 0.04954769278)
(0.04580934828 0.005542159431 0.04235180666)
(0.05655966219 0.00475417983 0.04488483254)
(-0.05579516147 0.01076740977 0.0447139965)
(-0.0459259822 0.01200358942 0.04297105409)
(-0.03715757963 0.01387323471 0.0498043847)
(-0.02587285687 0.01569163529 0.05551090202)
(-0.01314982431 0.01748508717 0.05903959394)
(4.159026491e-06 0.01799385549 0.06067913187)
(0.0131523829 0.01748508717 0.0590461231)
(0.02586801433 0.01569163529 0.05551715774)
(0.03714543908 0.01387323471 0.04980935656)
(0.04592606274 0.01200358942 0.04297094542)
(0.05579516147 0.01076740977 0.0447139965)
(-0.05472277555 0.01678900156 0.04408982043)
(-0.04559629305 0.0185445558 0.04314443855)
(-0.03668355694 0.02083740145 0.04950643039)
(-0.02548034147 0.02290729808 0.05474179219)
(-0.01294596137 0.02473493535 0.05793955702)
(3.465855409e-06 0.02527330319 0.05939915196)
(0.01294809353 0.02473493535 0.05794499799)
(0.02547630602 0.02290729808 0.05474700529)
(0.03667343981 0.02083740145 0.0495105736)
(0.04559636017 0.0185445558 0.04314434799)
(0.05472277555 0.01678900156 0.04408982043)
(-0.05335024657 0.02275802019 0.0429906701)
(-0.04480290279 0.02507877752 0.04285150133)
(-0.03581121764 0.02775576439 0.04862655187)
(-0.0247987323 0.03004144656 0.05330612533)
(-0.01259257734 0.03187981044 0.05613530125)
(2.772684327e-06 0.03243959514 0.05739939574)
(0.01259428307 0.03187981044 0.05613965402)
(0.02479550395 0.03004144656 0.0533102958)
(0.03580312394 0.02775576439 0.04862986645)
(0.04480295648 0.02507877752 0.04285142889)
(0.05335024657 0.02275802019 0.0429906701)
(-0.05168140126 0.02861115087 0.04141266381)
(-0.04354087698 0.0315148528 0.04208515795)
(-0.03454043322 0.03452801256 0.04716168629)
(-0.02382988394 0.03698886785 0.05120590642)
(-0.01209114586 0.0388148947 0.05363228439)
(2.079513246e-06 0.03938761595 0.05468654931)
(0.01209242516 0.0388148947 0.05363554897)
(0.02382746267 0.03698886785 0.05120903428)
(0.03453436294 0.03452801256 0.04716417222)
(0.04354091726 0.0315148528 0.04208510361)
(0.05168140126 0.02861115087 0.04141266381)
(-0.0497145053 0.03428550461 0.03937139622)
(-0.04181835975 0.03776164461 0.04085180641)
(-0.03288441231 0.04105555157 0.04512770872)
(-0.02258613199 0.04364746085 0.048466739)
(-0.01144863481 0.04543938195 0.05046219068)
(1.386342164e-06 0.04601659018 0.0512944748)
(0.01144948767 0.04543938195 0.05046436707)
(0.02258451781 0.04364746085 0.04846882424)
(0.03288036546 0.04105555157 0.04512936601)
(0.0418183866 0.03776164461 0.04085177019)
(0.0497145053 0.03428550461 0.03937139622)
(-0.04744361108 0.03972122579 0.03689920607)
(-0.03965489389 0.04373314867 0.03916966665)
(-0.03086792212 0.0472462156 0.04255702355)
(-0.02108874218 0.04992279733 0.0451347291)
(-0.01067658712 0.05166082239 0.04667936818)
(6.931710818e-07 0.05223436532 0.04728046817)
(0.01067701355 0.05166082239 0.04668045637)
(0.02108793509 0.04992279733 0.04513577172)
(0.03086589869 0.0472462156 0.04255785219)
(0.03965490732 0.04373314867 0.03916964854)
(0.04744361108 0.03972122579 0.03689920607)
(-0.04486258678 0.04486258678 0.03403963299)
(-0.03707841171 0.04934944543 0.03706512674)
(-0.02852428801 0.05301554781 0.03949324858)
(-0.01936537607 0.05572956788 0.04126981311)
(-0.009789658721 0.05739653829 0.04235327584)
(4.760863224e-18 0.05795882445 0.04271738134)
(0.009789658721 0.05739653829 0.04235327584)
(0.01936537607 0.05572956788 0.04126981311)
(0.02852428801 0.05301554781 0.03949324858)
(0.03707841171 0.04934944543 0.03706512674)
(0.04486258678 0.04486258678 0.03403963299)
(-0.0415704 0 0.0415704)
(-0.04762024313 0 0.05330916175)
(-0.03769270464 0 0.06133821058)
(-0.02585645931 0 0.06719250184)
(-0.01314979434 0 0.07078684025)
(-8.483052761e-20 0 0.072)
(0.01314979434 0 0.07078684025)
(0.02585645931 0 0.06719250184)
(0.03769270464 0 0.06133821058)
(0.04762024313 0 0.05330916175)
(0.0415704 0 0.0415704)
(-0.04563680826 2.725177207e-06 0.04563680826)
(-0.04514264105 1.939548201e-05 0.05588771359)
(-0.03513319966 6.786558523e-05 0.0627214984)
(-0.02356275233 0.0003125395209 0.0679895618)
(-0.01175131565 0.001607973827 0.07101631902)
(1.126057696e-17 0.002050553725 0.07197079428)
(0.01175131565 0.001607973827 0.07101631902)
(0.02356275233 0.0003125395209 0.0679895618)
(0.03513319966 6.786558523e-05 0.0627214984)
(0.04514264105 1.939548201e-05 0.05588771359)
(0.04563680826 2.725177207e-06 0.04563680826)
(-0.04970321653 5.450354414e-06 0.04970321653)
(-0.04419534134 0.0003694599078 0.05682391155)
(-0.03466464152 0.001126907364 0.06309362994)
(-0.02375350252 0.002198570456 0.06793252515)
(-0.01211480443 0.00371577199 0.07087608461)
(-8.087552786e-18 0.004099443898 0.07188320082)
(0.01211480443 0.00371577199 0.07087608461)
(0.02375350252 0.002198570456 0.06793252515)
(0.03466464152 0.001126907364 0.06309362994)
(0.04419534134 0.0003694599078 0.05682391155)
(0.04970321653 5.450354414e-06 0.04970321653)
(-0.05083113226 0.004046385636 0.05083113226)
(-0.04463591349 0.004475978312 0.05631637224)
(-0.03501618802 0.005578755009 0.06266340903)
(-0.02402054636 0.006871473691 0.06752589134)
(-0.01225043525 0.008453021062 0.07044478031)
(-7.165362752e-18 0.008871691575 0.07145133371)
(0.01225043525 0.008453021062 0.07044478031)
(0.02402054636 0.006871473691 0.06752589134)
(0.03501618802 0.005578755009 0.06266340903)
(0.04463591349 0.004475978312 0.05631637224)
(0.05083113226 0.004046385636 0.05083113226)
(-0.0504406242 0.00977056621 0.0504406242)
(-0.04450695732 0.01052892027 0.05560751178)
(-0.03490002192 0.01197836649 0.0618260296)
(-0.02394078282 0.01347014344 0.06655317588)
(-0.01219904886 0.01505698128 0.06934309721)
(1.256394612e-17 0.01549507531 0.070312891)
(0.01219904886 0.01505698128 0.06934309721)
(0.02394078282 0.01347014344 0.06655317588)
(0.03490002192 0.01197836649 0.0618260296)
(0.04450695732 0.01052892027 0.05560751178)
(0.0504406242 0.00977056621 0.0504406242)
(-0.04972836869 0.01543242084 0.04972836869)
(-0.04392043138 0.01659069595 0.05458632998)
(-0.03439024035 0.01835829277 0.06053294065)
(-0.02357469307 0.02001990987 0.06501826848)
(-0.01199943766 0.02158927958 0.06763070604)
(-2.095793436e-18 0.02203930457 0.06854392062)
(0.01199943766 0.02158927958 0.06763070604)
(0.02357469307 0.02001990987 0.06501826848)
(0.03439024035 0.01835829277 0.06053294065)
(0.04392043138 0.01659069595 0.05458632998)
(0.04972836869 0.01543242084 0.04972836869)
(-0.04869887022 0.02099582841 0.04869887022)
(-0.04285652449 0.02259984446 0.05325872108)
(-0.03347188231 0.02464653273 0.05878892143)
(-0.02291266965 0.02644227945 0.06292663978)
(-0.0116468854 0.02797072227 0.06531451627)
(-4.038009676e-18 0.02842449555 0.06615170484)
(0.0116468854 0.02797072227 0.06531451627)
(0.02291266965 0.02644227945 0.06292663978)
(0.03347188231 0.02464653273 0.05878892143)
(0.04285652449 0.02259984446 0.05325872108)
(0.04869887022 0.02099582841 0.04869887022)
(-0.04735869626 0.02642529707 0.04735869626)
(-0.04131249539 0.02849278707 0.05162724975)
(-0.03214646413 0.03077059846 0.05660156367)
(-0.02195766368 0.0326598624 0.0602922163)
(-0.01114341404 0.03412431468 0.06241277043)
(-5.645791245e-18 0.03457335593 0.06315602156)
(0.01114341404 0.03412431468 0.06241277043)
(0.02195766368 0.0326598624 0.0602922163)
(0.03214646413 0.03077059846 0.05660156367)
(0.04131249539 0.02849278707 0.05162724975)
(0.04735869626 0.02642529707 0.04735869626)
(-0.04571639622 0.03168618938 0.04571639622)
(-0.03930471573 0.03420663856 0.0496889703)
(-0.03043336513 0.03666014738 0.05397976798)
(-0.02072612457 0.0385988094 0.05713605926)
(-0.01049804831 0.03997750242 0.0589541306)
(-1.570277175e-17 0.04041336208 0.05958825526)
(0.01049804831 0.03997750242 0.0589541306)
(0.02072612457 0.0385988094 0.05713605926)
(0.03043336513 0.03666014738 0.05397976798)
(0.03930471573 0.03420663856 0.0496889703)
(0.04571639622 0.03168618938 0.04571639622)
(-0.04378244695 0.03674494332 0.04378244695)
(-0.03686586843 0.03968168859 0.04743671172)
(-0.02836720757 0.04224930762 0.05093409394)
(-0.01924588809 0.04419098618 0.05348585526)
(-0.00972561619 0.04546412966 0.05497658593)
(-9.925528072e-18 0.04587865545 0.05549007996)
(0.00972561619 0.04546412966 0.05497658593)
(0.01924588809 0.04419098618 0.05348585526)
(0.02836720757 0.04224930762 0.05093409394)
(0.03686586843 0.03968168859 0.04743671172)
(0.04378244695 0.03674494332 0.04378244695)
(-0.0415704 0.0415704 0.0415704)
(-0.03403963299 0.04486258678 0.04486258678)
(-0.02599312724 0.0474781915 0.0474781915)
(-0.0175524894 0.04937565248 0.04937565248)
(-0.008844710412 0.0505260878 0.0505260878)
(0 0.05091168825 0.05091168825)
(0.008844710412 0.0505260878 0.0505260878)
(0.0175524894 0.04937565248 0.04937565248)
(0.02599312724 0.0474781915 0.0474781915)
(0.03403963299 0.04486258678 0.04486258678)
(0.0415704 0.0415704 0.0415704)
)


// ************************************************************************* //
