/*--------------------------------*- C++ -*----------------------------------*\
  =========                 |
  \\      /  F ield         | OpenFOAM: The Open Source CFD Toolbox
   \\    /   O peration     | Website:  https://openfoam.org
    \\  /    A nd           | Version:  6
     \\/     M anipulation  |
\*---------------------------------------------------------------------------*/
FoamFile
{
    version     2.0;
    format      ascii;
    class       faceSet;
    location    "constant/polyMesh/sets";
    object      nonOrthoFaces;
}
// * * * * * * * * * * * * * * * * * * * * * * * * * * * * * * * * * * * * * //


320
(
512 
0 
513 
1 
2 
3 
2052 
516 
4 
5 
6 
7 
519 
8 
11 
14 
17 
18 
20 
21 
22 
534 
23 
24 
536 
2073 
25 
537 
26 
27 
539 
28 
541 
542 
543 
544 
2081 
555 
557 
558 
559 
560 
1073 
562 
563 
564 
565 
2102 
566 
568 
571 
578 
580 
581 
582 
583 
584 
585 
586 
1099 
588 
1101 
1117 
2654 
1120 
1633 
1123 
2671 
2673 
2675 
2677 
1141 
2679 
1144 
2681 
2683 
1659 
2685 
1661 
2687 
2689 
2690 
2691 
2692 
2698 
2699 
1677 
1680 
2193 
1682 
1683 
2196 
1684 
1685 
1688 
1691 
1698 
1700 
1701 
1703 
1704 
2217 
1705 
1706 
2219 
1708 
2221 
2222 
2224 
2237 
2238 
2239 
2240 
2241 
2242 
2243 
2244 
2245 
2246 
2247 
2248 
2249 
2250 
2251 
204 
2254 
2255 
2257 
2258 
2259 
2260 
2261 
2262 
2263 
2264 
2265 
2266 
2267 
2268 
2272 
2273 
2275 
230 
233 
236 
237 
2287 
239 
2290 
242 
245 
2294 
248 
251 
2301 
254 
257 
258 
259 
261 
262 
263 
264 
266 
268 
270 
2319 
272 
274 
275 
276 
277 
278 
279 
280 
281 
793 
2330 
282 
283 
284 
796 
285 
286 
287 
288 
289 
290 
291 
294 
295 
297 
298 
299 
2348 
300 
301 
302 
303 
304 
305 
817 
306 
307 
819 
308 
821 
2359 
312 
313 
314 
315 
837 
327 
840 
2377 
1353 
330 
843 
844 
845 
334 
335 
2388 
341 
343 
858 
861 
864 
865 
866 
1379 
1381 
2406 
359 
364 
370 
372 
1397 
1400 
1913 
1403 
1405 
388 
393 
1421 
2447 
399 
1424 
401 
1426 
1939 
1941 
417 
2468 
1957 
422 
2472 
1960 
2473 
1962 
1963 
2476 
428 
1964 
2477 
1965 
1966 
2479 
1968 
1971 
1974 
1977 
1978 
1980 
1981 
2494 
446 
1982 
1983 
2496 
1984 
2497 
1985 
2498 
1986 
2499 
1988 
2501 
2502 
2503 
2504 
2506 
1994 
2508 
2510 
2512 
2514 
2515 
2516 
2517 
2518 
2519 
2520 
2521 
2522 
2523 
2524 
2525 
2015 
2532 
2534 
2535 
2023 
487 
2536 
2537 
2538 
2044 
508 
)

// ************************************************************************* //
